Enter number of values per node: 

[44 ]  
[15 26 33 ]  [50 59 67 75 80 87 ]  
[10 11 13 ]  [19 25 25 ]  [27 28 32 ]  [35 36 39 ]  [45 47 48 ]  [53 55 57 ]  [61 62 65 ]  [69 71 72 ]  [75 77 79 ]  [81 84 85 ]  [88 89 92 94 98 ]  
[10 10 10 10 ]  [10 11 11 11 ]  [11 13 13 13 ]  [13 13 14 15 ]  [15 16 17 19 ]  [19 22 22 24 ]  [25 25 25 25 ]  [25 25 26 26 ]  [26 26 27 27 ]  [27 27 27 28 ]  [28 29 29 29 ]  [32 32 32 33 ]  [33 33 33 35 ]  [35 35 36 36 ]  [36 37 37 37 ]  [39 42 42 43 ]  [44 44 44 45 ]  [45 46 46 46 ]  [47 47 47 48 ]  [48 48 49 49 ]  [50 51 52 53 ]  [53 53 54 54 ]  [55 55 56 56 ]  [57 58 58 59 ]  [59 60 60 61 ]  [61 61 61 62 ]  [62 62 63 64 ]  [65 66 67 67 ]  [67 67 68 69 ]  [69 70 70 71 ]  [71 72 72 72 ]  [72 74 74 74 ]  [75 75 75 75 ]  [75 76 76 76 ]  [77 78 79 79 ]  [79 79 79 80 ]  [80 80 80 81 ]  [81 82 82 83 ]  [84 84 85 85 ]  [85 85 87 87 ]  [87 87 87 87 ]  [88 88 89 89 ]  [89 90 91 91 ]  [92 93 93 93 ]  [94 95 95 97 ]  [98 98 98 ]  






10
10
10
10
10
11
11
11
11
13
13
13
13
13
14
15
15
16
17
19
19
22
22
24
25
25
25
25
25
25
26
26
26
26
27
27
27
27
27
28
28
29
29
29
32
32
32
33
33
33
33
35
35
35
36
36
36
37
37
37
39
42
42
43
44
44
44
45
45
46
46
46
47
47
47
48
48
48
49
49
50
51
52
53
53
53
54
54
55
55
56
56
57
58
58
59
59
60
60
61
61
61
61
62
62
62
63
64
65
66
67
67
67
67
68
69
69
70
70
71
71
72
72
72
72
74
74
74
75
75
75
75
75
76
76
76
77
78
79
79
79
79
79
80
80
80
80
81
81
82
82
83
84
84
85
85
85
85
87
87
87
87
87
87
88
88
89
89
89
90
91
91
92
93
93
93
94
95
95
97
98
98
98
